61
1.0 1.45 0.163
3.0 0.20 0.075
7.0 0.19 0.055
7.0 0.19 0.055
3.0 0.20 0.075
7.0 0.19 0.055
7.0 0.19 0.055
4.0 1.12 0.163
2.0 1.07 0.132
3.4 0.62 0.086
3.4 0.40 0.067
17.7 0.37 0.063
14.8 0.19 0.045
42.2 0.31 0.057
29.0 0.16 0.043
6.7 0.21 0.049
7.9 0.09 0.028
30.3 0.19 0.046
17.6 0.18 0.039
17.7 0.15 0.042
3.9 1.07 0.127
20.8 0.37 0.063
17.6 0.18 0.039
17.7 0.15 0.042
5.2 1.0 0.116
3.4 0.40 0.067
14.8 0.19 0.045
42.2 0.31 0.057
37.5 0.16 0.043
6.7 0.21 0.049
57.8 0.09 0.028
47.8 0.19 0.046
8.0 0.07 0.021
10.4 0.95 0.116
5.3 0.95 0.120
2.0 0.39 0.064
12.5 0.22 0.049
6.3 0.28 0.054
7.1 0.28 0.045
17.2 0.43 0.069
1.0 0.87 0.120
3.2 0.26 0.053
1.0 0.57 0.108
3.2 0.26 0.053
10.6 0.57 0.080
5.0 0.16 0.043
1.0 0.57 0.080
5.9 0.52 0.076
5.8 0.52 0.076
14.4 0.27 0.055
5.0 0.20 0.040
44.3 0.24 0.050
7.3 0.23 0.049
21.0 0.18 0.045
16.0 0.10 0.020
14.5 0.27 0.055
5.0 0.20 0.040
44.4 0.24 0.050
12.7 0.23 0.049
32.2 0.18 0.045
40.9 0.10 0.020
4
4
4
4
4
4
4
4
4
4
4
4
8
4
8
8
16
8
8
8
4
4
8
8
4
4
8
4
8
8
16
8
4
4
4
4
4
4
4
4
4
4
4
4
4
4
4
4
4
4
16
8
16
16
16
4
16
8
16
16
16
1.256637e-6 1050.0
